sample	subsample	rname	startpos	endpos	numreads	covbases	coverage	meandepth	meanbaseq	meanmapq
Yale-TB160	1.0	NC_000962.3	1	4411532	17706088	3875119	87.8407	518.699	39.5	60
Yale-TB161	1.0	NC_000962.3	1	4411532	23307331	4314223	97.7942	698.17	39.5	60
Yale-TB162	1.0	NC_000962.3	1	4411532	12931029	4246912	96.2684	383.064	39.5	60
Yale-TB163	1.0	NC_000962.3	1	4411532	24006624	4325745	98.0554	709.005	39.5	60
Yale-TB164	1.0	NC_000962.3	1	4411532	12477026	4299053	97.4503	369.242	39.5	60
Yale-TB165	1.0	NC_000962.3	1	4411532	5687659	1485013	33.6621	161.01	39.6	60
Yale-TB166	1.0	NC_000962.3	1	4411532	564341	3478380	78.8474	14.861	39.6	60
Yale-TB167	1.0	NC_000962.3	1	4411532	22396761	4250606	96.3522	663.858	39.5	60
Yale-TB168	1.0	NC_000962.3	1	4411532	17533361	4290903	97.2656	519.974	39.5	60
Yale-TB169	1.0	NC_000962.3	1	4411532	9460128	4268024	96.747	281.698	39.5	60
Yale-TB170	1.0	NC_000962.3	1	4411532	21871679	4317989	97.8796	650.246	39.5	60
Yale-TB171	1.0	NC_000962.3	1	4411532	35475733	4330633	98.1662	1057.5	39.5	60
Yale-TB172	1.0	NC_000962.3	1	4411532	8582413	3876601	87.8743	248.457	39.5	60
Yale-TB173	1.0	NC_000962.3	1	4411532	7179363	2515091	57.0117	196.008	39.6	60
Yale-TB174	1.0	NC_000962.3	1	4411532	7746608	4284595	97.1226	229.292	39.5	60
Yale-TB175	1.0	NC_000962.3	1	4411532	7083106	1491694	33.8135	193.787	39.6	60
Yale-TB176	1.0	NC_000962.3	1	4411532	91476	1131924	25.6583	2.39326	39.6	60
Yale-TB177	1.0	NC_000962.3	1	4411532	867329	2571482	58.29	22.3966	39.5	60
Yale-TB178	1.0	NC_000962.3	1	4411532	27341768	4305933	97.6063	811.033	39.5	60
Yale-TB179	1.0	NC_000962.3	1	4411532	12772952	2429093	55.0623	361.425	39.6	60
Yale-TB180	1.0	NC_000962.3	1	4411532	176	2695	0.0610899	0.00447736	39.5	60
Yale-TB181	1.0	NC_000962.3	1	4411532	282	22096	0.500869	0.00832999	39.6	60
Yale-TB182	1.0	NC_000962.3	1	4411532	1273	102345	2.31994	0.0378204	39.5	60
Yale-TB183	1.0	NC_000962.3	1	4411532	812	64877	1.47062	0.0234925	39.6	60
Yale-TB184	1.0	NC_000962.3	1	4411532	1665	131238	2.97488	0.0482445	39.5	60
Yale-TB185	1.0	NC_000962.3	1	4411532	2655	204129	4.62717	0.0773947	39.5	60
Yale-TB186	1.0	NC_000962.3	1	4411532	2922	222032	5.03299	0.0842422	39.5	60
Yale-TB187	1.0	NC_000962.3	1	4411532	2679	207078	4.69402	0.0772267	39.5	60
Yale-TB188	1.0	NC_000962.3	1	4411532	6611	494682	11.2134	0.200959	39.5	60
Yale-TB189	1.0	NC_000962.3	1	4411532	55830	2695505	61.1013	1.69644	39.6	60
Yale-TB190	1.0	NC_000962.3	1	4411532	9676	671789	15.228	0.290038	39.5	60
Yale-TB191	1.0	NC_000962.3	1	4411532	172	13489	0.305767	0.00474212	39.5	60
Yale-TB192	1.0	NC_000962.3	1	4411532	492	38336	0.868995	0.0138675	39.5	60
Yale-TB193	1.0	NC_000962.3	1	4411532	2242	164971	3.73954	0.065769	39.6	60
Yale-TB194	1.0	NC_000962.3	1	4411532	120	9835	0.222938	0.0034165	39.4	60
Yale-TB195	1.0	NC_000962.3	1	4411532	19819	1269883	28.7855	0.577198	39.5	60
Yale-TB196	1.0	NC_000962.3	1	4411532	12127	846143	19.1803	0.357767	39.5	60
Yale-TB197	1.0	NC_000962.3	1	4411532	1678	101737	2.30616	0.0476531	39.6	60
Yale-TB198	1.0	NC_000962.3	1	4411532	7	431	0.00976985	0.000145981	39.5	60
Yale-TB199	1.0	NC_000962.3	1	4411532	12010	871349	19.7516	0.36639	39.6	60
Yale-TB200	1.0	NC_000962.3	1	4411532	212888	4208183	95.3905	6.57526	39.5	60
Yale-TB201	1.0	NC_000962.3	1	4411532	37875	2148086	48.6925	1.15957	39.5	60
Yale-TB202	1.0	NC_000962.3	1	4411532	342396	4311517	97.7329	10.3674	39.6	60
Yale-TB203	1.0	NC_000962.3	1	4411532	21373	1411217	31.9893	0.653896	39.5	60
Yale-TB204	1.0	NC_000962.3	1	4411532	635	51154	1.15955	0.0186722	39.5	60
Yale-TB205	1.0	NC_000962.3	1	4411532	6997	224192	5.08195	0.1867	39.6	60
Yale-TB206	1.0	NC_000962.3	1	4411532	31352	1896865	42.9979	0.961952	39.5	60
Yale-TB207	1.0	NC_000962.3	1	4411532	15003	1064292	24.1252	0.456162	39.5	60
Yale-TB208	1.0	NC_000962.3	1	4411532	14460	1017725	23.0697	0.441817	39.5	60
Yale-TB209	1.0	NC_000962.3	1	4411532	15024	1071382	24.2859	0.458254	39.5	60
Yale-TB210	1.0	NC_000962.3	1	4411532	69924	3138537	71.1439	2.16139	39.5	60
Yale-TB211	1.0	NC_000962.3	1	4411532	27492	1656563	37.5507	0.833675	39.5	60
Yale-TB212	1.0	NC_000962.3	1	4411532	69175	2925858	66.3229	2.08137	39.5	60
Yale-TB213	1.0	NC_000962.3	1	4411532	27192	1675928	37.9897	0.829965	39.5	60
Yale-TB214	1.0	NC_000962.3	1	4411532	1168	93876	2.12797	0.0337769	39.5	60
Yale-TB215	1.0	NC_000962.3	1	4411532	9230	215227	4.87874	0.239217	39.6	60
Yale-TB216	1.0	NC_000962.3	1	4411532	12633	900932	20.4222	0.379426	39.5	60
Yale-TB217	1.0	NC_000962.3	1	4411532	32281	1957489	44.3721	0.987473	39.5	60
Yale-TB218	1.0	NC_000962.3	1	4411532	7290	502951	11.4008	0.216192	39.6	60
Yale-TB219	1.0	NC_000962.3	1	4411532	0	0	0	0	0	0
